 -130.124 -131.359 -132.755 -134.210 -135.386 -136.499 -137.461 -138.111
 -138.560 -138.697 -139.057 -139.141 -139.279 -139.415 -139.462 -139.769
 -139.686 -139.964 -140.331 -140.741 -140.971 -141.090 -141.485 -141.904
 -142.199 -142.432 -142.835 -143.315 -143.951 -144.490 -145.242 -146.096
 -148.075 -148.554 -149.031 -149.393 -149.864 -150.162 -150.550 -150.919
 -151.406 -151.835 -152.209 -152.690 -153.167 -153.531 -152.790 -152.539
 -153.934 -154.355 -154.585 -154.704 -154.938 -155.145 -155.330 -155.495
 -155.808 -156.006 -156.193 -156.279 -156.423 -156.356 -156.243 -156.101
 -156.739 -156.883 -157.240 -157.343 -157.367 -157.680 -157.756 -157.461
 -157.421 -158.109 -153.938 -155.412 -157.632 -158.470 -157.843 -157.209
 -158.312 -158.744 -159.215 -158.993 -158.936 -159.120 -159.320 -159.747
 -159.752 -159.640 -156.215 -156.530 -157.592 -159.019 -157.112 -156.001
